1: 132 142 24
2: 0 28 8
3: 118 227 132
4: 178 148 236
5: 230 137 120
6: 34 173 228
7: 248 46 176
8: 214 69 134
9: 7 187 172
10: 50 162 146
11: 119 58 162
13: 130 154 226
14: 12 249 191
15: 55 122 98
16: 242 170 112
17: 127 35 5
18: 57 144 218
19: 106 81 251
20: 75 112 223
21: 228 40 127
22: 222 215 20
23: 8 219 193
24: 58 19 126
25: 84 245 227
27: 209 166 18
28: 17 139 32
31: 78 220 249
32: 202 174 159
33: 110 217 137
34: 224 20 69
35: 204 108 118
36: 125 188 50
37: 195 191 147
38: 109 240 131
39: 100 153 141
40: 152 145 216
41: 155 63 161
42: 194 236 48
43: 196 66 14
44: 71 179 7
46: 134 13 100
47: 133 21 143
48: 231 197 149
49: 56 2 212
50: 96 172 173
51: 79 97 151
52: 165 15 105
53: 144 252 90
54: 28 62 93
55: 33 248 205
56: 239 175 111
57: 184 230 124
58: 241 225 182
59: 142 79 217
60: 2 42 185
61: 108 234 201
62: 122 155 189
63: 18 0 250
64: 250 206 1
65: 180 33 68
67: 227 102 133
70: 213 124 207
72: 14 59 33
73: 187 171 148
74: 29 75 180
75: 208 49 51
76: 24 104 214
77: 93 17 252
78: 135 198 85
79: 174 178 230
80: 189 32 40
81: 252 85 84
82: 173 115 211
84: 25 80 135
85: 20 12 2
86: 31 134 27
87: 150 83 70
88: 166 45 157
89: 153 156 52
90: 210 18 240
